Oscilloscope data. 
Time step = 50,00 nS
Voltage step = 312,5 mV
Zero level = 55

N 	Smpl.	Trig

0	53	0
1	53	0
2	53	0
3	54	0
4	54	0
5	54	0
6	54	0
7	53	0
8	53	0
9	54	0
10	54	0
11	53	0
12	54	0
13	53	0
14	53	0
15	53	0
16	53	0
17	54	0
18	53	0
19	54	0
20	54	0
21	54	0
22	53	0
23	53	0
24	54	0
25	54	0
26	54	0
27	53	0
28	54	0
29	53	0
30	54	0
31	54	0
32	54	0
33	53	0
34	53	0
35	54	0
36	54	0
37	54	0
38	53	0
39	54	0
40	53	0
41	54	0
42	54	0
43	54	0
44	53	0
45	54	0
46	54	0
47	54	0
48	54	0
49	54	0
50	54	0
51	53	0
52	53	0
53	53	0
54	54	0
55	54	0
56	54	0
57	53	0
58	54	0
59	54	0
60	54	0
61	53	0
62	54	0
63	53	0
64	54	0
65	54	0
66	53	0
67	54	0
68	54	0
69	53	0
70	54	0
71	162	0
72	183	0
73	182	0
74	182	0
75	182	0
76	182	0
77	182	0
78	182	0
79	182	0
80	182	0
81	182	0
82	182	0
83	182	0
84	182	0
85	182	0
86	182	0
87	182	0
88	182	0
89	182	0
90	182	0
91	182	0
92	182	0
93	182	0
94	183	0
95	182	0
96	182	0
97	182	0
98	182	0
99	182	0
100	182	0
101	70	0
102	53	0
103	54	0
104	54	0
105	54	0
106	53	0
107	54	0
108	54	0
109	54	0
110	54	0
111	54	0
112	54	0
113	54	0
114	53	0
115	54	0
116	54	0
117	53	0
118	54	0
119	54	0
120	53	0
121	54	0
122	53	0
123	53	0
124	54	0
125	54	0
126	53	0
127	54	0
128	53	0
129	53	0
130	53	0
131	54	0
132	53	0
133	54	0
134	54	0
135	54	0
136	54	0
137	54	0
138	54	0
139	53	0
140	54	0
141	53	0
142	54	0
143	54	0
144	54	0
145	53	0
146	53	0
147	54	0
148	54	0
149	53	0
150	54	0
151	54	0
152	54	0
153	54	0
154	53	0
155	54	0
156	54	0
157	54	0
158	54	0
159	53	0
160	53	0
161	53	0
162	53	0
163	53	0
164	54	0
165	54	0
166	54	0
167	53	0
168	53	0
169	53	0
170	54	0
171	54	0
172	54	0
173	53	0
174	53	0
175	54	0
176	53	0
177	53	0
178	54	0
179	54	0
180	54	0
181	53	0
182	54	0
183	53	0
184	54	0
185	54	0
186	54	0
187	53	0
188	53	0
189	54	0
190	54	0
191	54	0
192	53	0
193	54	0
194	54	0
195	54	0
196	54	0
197	54	0
198	54	0
199	54	0
200	53	0
201	54	0
202	54	0
203	54	0
204	54	0
205	54	0
206	53	0
207	54	0
208	53	0
209	53	0
210	54	0
211	54	0
212	54	0
213	54	0
214	53	0
215	54	0
216	53	0
217	54	0
218	54	0
219	54	0
220	54	0
221	53	0
222	54	0
223	54	0
224	53	0
225	54	0
226	54	0
227	54	0
228	54	0
229	54	0
230	54	0
231	161	0
232	183	0
233	182	0
234	182	0
235	182	0
236	182	0
237	183	0
238	182	0
239	182	0
240	182	0
241	182	0
242	182	0
243	183	0
244	182	0
245	183	0
246	182	0
247	182	0
248	182	0
249	182	0
250	182	0
251	182	0
252	182	0
253	182	0
254	182	0
255	182	0
256	182	0
257	182	0
258	182	0
259	182	0
260	182	0
261	70	0
262	54	0
263	53	0
264	54	0
265	54	0
266	54	0
267	54	0
268	54	0
269	53	0
270	54	0
271	53	0
272	54	0
273	54	0
274	53	0
275	53	0
276	54	0
277	54	0
278	53	0
279	53	0
280	53	0
281	53	0
282	54	0
283	54	0
284	54	0
285	53	0
286	53	0
287	53	0
288	54	0
289	53	0
290	54	0
291	53	0
292	54	0
293	54	0
294	53	0
295	54	0
296	53	0
297	53	0
298	54	0
299	54	0
300	53	0
301	53	0
302	53	0
303	54	0
304	54	0
305	53	0
306	54	0
307	54	0
308	54	0
309	54	0
310	54	0
311	54	0
312	54	0
313	54	0
314	54	0
315	54	0
316	54	0
317	54	0
318	54	0
319	54	0
320	53	0
321	54	0
322	53	0
323	54	0
324	54	0
325	54	0
326	53	0
327	54	0
328	54	0
329	54	0
330	54	0
331	54	0
332	53	0
333	53	0
334	53	0
335	53	0
336	54	0
337	54	0
338	53	0
339	53	0
340	53	0
341	53	0
342	53	0
343	54	0
344	53	0
345	53	0
346	53	0
347	54	0
348	54	0
349	53	0
350	53	0
351	53	0
352	54	0
353	54	0
354	54	0
355	54	0
356	54	0
357	54	0
358	54	0
359	54	0
360	53	0
361	54	0
362	54	0
363	54	0
364	54	0
365	54	0
366	54	0
367	54	0
368	54	0
369	53	0
370	54	0
371	54	0
372	53	0
373	53	0
374	54	0
375	54	0
376	54	0
377	54	0
378	54	0
379	53	0
380	54	0
381	54	0
382	53	0
383	54	0
384	54	0
385	54	0
386	53	0
387	54	0
388	54	0
389	54	0
390	54	0
391	162	0
392	183	0
393	182	0
394	182	0
395	183	0
396	182	0
397	182	0
398	182	0
399	182	0
400	183	0
401	182	0
402	182	0
403	182	0
404	182	0
405	182	0
406	182	0
407	182	0
408	182	0
409	182	0
410	182	0
411	182	0
412	182	0
413	182	0
414	182	0
415	182	0
416	182	0
417	183	0
418	182	0
419	182	0
420	182	0
421	69	0
422	53	0
423	53	0
424	54	0
425	54	0
426	53	0
427	53	0
428	54	0
429	54	0
430	53	0
431	53	0
432	53	0
433	53	0
434	54	0
435	54	0
436	53	0
437	53	0
438	54	0
439	54	0
440	53	0
441	54	0
442	54	0
443	54	0
444	53	0
445	54	0
446	53	0
447	54	0
448	54	0
449	54	0
450	54	0
451	54	0
452	54	0
453	53	0
454	54	0
455	54	0
456	54	0
457	54	0
458	54	0
459	53	0
460	53	0
461	54	0
462	53	0
463	54	0
464	53	0
465	54	0
466	54	0
467	54	0
468	54	0
469	54	0
470	53	0
471	54	0
472	54	0
473	53	0
474	53	0
475	54	0
476	53	0
477	54	0
478	54	0
479	53	0
480	53	0
481	54	0
482	54	0
483	54	0
484	54	0
485	53	0
486	53	0
487	54	0
488	54	0
489	53	0
490	54	0
491	53	0
492	54	0
493	54	0
494	54	0
495	54	0
496	54	0
497	54	0
498	54	0
499	54	0
500	54	0
501	54	0
502	54	0
503	54	0
504	53	0
505	54	0
506	54	0
507	54	0
508	54	0
509	53	0
510	53	0
511	53	0
512	54	0
513	54	0
514	54	0
515	54	0
516	54	0
517	54	0
518	53	0
519	53	0
520	54	0
521	54	0
522	54	0
523	54	0
524	54	0
525	53	0
526	54	0
527	54	0
528	54	0
529	53	0
530	54	0
531	53	0
532	53	0
533	54	0
534	53	0
535	54	0
536	54	0
537	53	0
538	54	0
539	54	0
540	54	0
541	54	0
542	54	0
543	54	0
544	53	0
545	54	0
546	54	0
547	54	0
548	54	0
549	54	0
550	54	0
551	162	0
552	183	0
553	182	0
554	182	0
555	182	0
556	182	0
557	182	0
558	182	0
559	182	0
560	182	0
561	182	0
562	182	0
563	182	0
564	182	0
565	182	0
566	182	0
567	182	0
568	182	0
569	182	0
570	182	0
571	182	0
572	183	0
573	183	0
574	182	0
575	182	0
576	182	0
577	182	0
578	182	0
579	182	0
580	182	0
581	70	0
582	54	0
583	54	0
584	54	0
585	54	0
586	54	0
587	53	0
588	54	0
589	53	0
590	54	0
591	54	0
592	54	0
593	53	0
594	54	0
595	54	0
596	53	0
597	53	0
598	54	0
599	54	0
600	54	0
601	53	0
602	54	0
603	54	0
604	54	0
605	53	0
606	54	0
607	54	0
608	53	0
609	54	0
610	53	0
611	54	0
612	54	0
613	54	0
614	54	0
615	53	0
616	53	0
617	53	0
618	53	0
619	54	0
620	54	0
621	53	0
622	54	0
623	54	0
624	53	0
625	54	0
626	54	0
627	54	0
628	53	0
629	54	0
630	54	0
631	54	0
632	54	0
633	54	0
634	54	0
635	53	0
636	53	0
637	54	0
638	53	0
639	54	0
640	54	0
641	54	0
642	53	0
643	54	0
644	54	0
645	54	0
646	54	0
647	54	0
648	54	0
649	53	0
650	54	0
651	54	0
652	54	0
653	53	0
654	54	0
655	54	0
656	53	0
657	53	0
658	53	0
659	54	0
660	54	0
661	54	0
662	54	0
663	54	0
664	53	0
665	54	0
666	54	0
667	54	0
668	53	0
669	53	0
670	53	0
671	54	0
672	54	0
673	54	0
674	53	0
675	53	0
676	54	0
677	53	0
678	54	0
679	54	0
680	54	0
681	53	0
682	53	0
683	54	0
684	54	0
685	54	0
686	54	0
687	54	0
688	53	0
689	54	0
690	54	0
691	54	0
692	54	0
693	54	0
694	54	0
695	53	0
696	54	0
697	53	0
698	54	0
699	54	0
700	53	0
701	54	0
702	54	0
703	54	0
704	53	0
705	54	0
706	54	0
707	54	0
708	54	0
709	54	0
710	53	0
711	162	0
712	183	0
713	182	0
714	182	0
715	182	0
716	182	0
717	182	0
718	182	0
719	182	0
720	182	0
721	183	0
722	183	0
723	182	0
724	182	0
725	182	0
726	182	0
727	182	0
728	182	0
729	182	0
730	182	0
731	182	0
732	182	0
733	182	0
734	182	0
735	182	0
736	182	0
737	182	0
738	182	0
739	182	0
740	182	0
741	69	0
742	54	0
743	54	0
744	54	0
745	54	0
746	53	0
747	54	0
748	54	0
749	54	0
750	54	0
751	54	0
752	53	0
753	53	0
754	54	0
755	53	0
756	54	0
757	54	0
758	54	0
759	54	0
760	54	0
761	54	0
762	54	0
763	53	0
764	54	0
765	53	0
766	54	0
767	54	0
768	53	0
769	54	0
770	53	0
771	53	0
772	54	0
773	53	0
774	54	0
775	54	0
776	54	0
777	53	0
778	54	0
779	54	0
780	53	0
781	54	0
782	54	0
783	53	0
784	53	0
785	54	0
786	53	0
787	54	0
788	54	0
789	53	0
790	53	0
791	53	0
792	54	0
793	54	0
794	54	0
795	54	0
796	53	0
797	53	0
798	54	0
799	54	0
800	54	0
801	54	0
802	53	0
803	53	0
804	54	0
805	53	0
806	53	0
807	53	0
808	54	0
809	54	0
810	54	0
811	53	0
812	54	0
813	53	0
814	54	0
815	53	0
816	54	0
817	53	0
818	54	0
819	54	0
820	53	0
821	53	0
822	54	0
823	54	0
824	53	0
825	54	0
826	54	0
827	53	0
828	54	0
829	54	0
830	54	0
831	54	0
832	54	0
833	54	0
834	53	0
835	54	0
836	54	0
837	54	0
838	54	0
839	54	0
840	53	0
841	54	0
842	54	0
843	54	0
844	54	0
845	54	0
846	54	0
847	54	0
848	54	0
849	53	0
850	54	0
851	54	0
852	54	0
853	54	0
854	54	0
855	54	0
856	54	0
857	53	0
858	53	0
859	53	0
860	53	0
861	54	0
862	54	0
863	53	0
864	54	0
865	53	0
866	53	0
867	54	0
868	54	0
869	54	0
870	54	0
871	161	0
872	183	0
873	182	0
874	182	0
875	182	0
876	183	0
877	182	0
878	183	0
879	182	0
880	182	0
881	182	0
882	182	0
883	182	0
884	182	0
885	182	0
886	182	0
887	182	0
888	183	0
889	182	0
890	182	0
891	182	0
892	182	0
893	182	0
894	182	0
895	182	0
896	182	0
897	182	0
898	182	0
899	182	0
900	182	0
901	70	0
902	54	0
903	54	0
904	54	0
905	54	0
906	54	0
907	53	0
908	53	0
909	54	0
910	54	0
911	54	0
912	54	0
913	53	0
914	54	0
915	54	0
916	54	0
917	53	0
918	53	0
919	54	0
920	54	0
921	54	0
922	54	0
923	53	0
924	53	0
925	53	0
926	54	0
927	53	0
928	54	0
929	54	0
930	53	0
931	53	0
932	53	0
933	54	0
934	53	0
935	54	0
936	54	0
937	54	0
938	54	0
939	54	0
940	53	0
941	54	0
942	54	0
943	54	0
944	53	0
945	54	0
946	54	0
947	54	0
948	54	0
949	53	0
950	54	0
951	54	0
952	54	0
953	53	0
954	54	0
955	53	0
956	53	0
957	54	0
958	54	0
959	54	0
960	54	0
961	53	0
962	54	0
963	53	0
964	53	0
965	54	0
966	54	0
967	53	0
968	54	0
969	54	0
970	54	0
971	54	0
972	53	0
973	54	0
974	54	0
975	53	0
976	53	0
977	54	0
978	54	0
979	53	0
980	54	0
981	54	0
982	54	0
983	54	0
984	53	0
985	54	0
986	53	0
987	54	0
988	53	0
989	54	0
990	54	0
991	53	0
992	54	0
993	54	0
994	54	0
995	54	0
996	54	0
997	54	0
998	54	0
999	53	0
