Oscilloscope data. 
Time step = 1,000 uS
Voltage step = 312,5 mV
Zero level = 55

N 	Smpl.	Trig

0	135	0
1	127	0
2	119	0
3	113	0
4	103	0
5	94	0
6	87	0
7	81	0
8	75	0
9	69	0
10	65	0
11	61	0
12	57	0
13	55	0
14	53	0
15	53	0
16	54	0
17	56	0
18	59	0
19	63	0
20	67	0
21	73	0
22	79	0
23	85	0
24	93	0
25	101	0
26	109	0
27	117	0
28	124	0
29	133	0
30	140	0
31	147	0
32	154	0
33	160	0
34	166	0
35	171	0
36	175	0
37	179	0
38	181	0
39	182	0
40	182	0
41	181	0
42	179	0
43	177	0
44	173	0
45	168	0
46	162	0
47	157	0
48	149	0
49	143	0
50	135	0
51	127	0
52	119	0
53	112	0
54	103	0
55	95	0
56	87	0
57	81	0
58	75	0
59	69	0
60	64	0
61	61	0
62	57	0
63	55	0
64	53	0
65	54	0
66	54	0
67	56	0
68	59	0
69	63	0
70	67	0
71	73	0
72	79	0
73	86	0
74	93	0
75	101	0
76	109	0
77	117	0
78	125	0
79	133	0
80	140	0
81	147	0
82	154	0
83	161	0
84	166	0
85	171	0
86	175	0
87	178	0
88	181	0
89	181	0
90	182	0
91	181	0
92	179	0
93	176	0
94	173	0
95	168	0
96	162	0
97	157	0
98	150	0
99	142	0
100	135	0
101	127	0
102	119	0
103	111	0
104	103	0
105	95	0
106	88	0
107	81	0
108	75	0
109	69	0
110	64	0
111	61	0
112	57	0
113	55	0
114	54	0
115	53	0
116	54	0
117	57	0
118	59	0
119	63	0
120	67	0
121	73	0
122	79	0
123	85	0
124	93	0
125	101	0
126	109	0
127	117	0
128	124	0
129	132	0
130	140	0
131	147	0
132	155	0
133	161	0
134	166	0
135	171	0
136	175	0
137	178	0
138	181	0
139	181	0
140	182	0
141	181	0
142	179	0
143	177	0
144	173	0
145	169	0
146	163	0
147	157	0
148	150	0
149	142	0
150	135	0
151	126	0
152	118	0
153	111	0
154	103	0
155	95	0
156	88	0
157	81	0
158	75	0
159	69	0
160	65	0
161	61	0
162	57	0
163	55	0
164	53	0
165	54	0
166	55	0
167	55	0
168	59	0
169	63	0
170	67	0
171	73	0
172	79	0
173	86	0
174	93	0
175	101	0
176	108	0
177	117	0
178	124	0
179	132	0
180	140	0
181	147	0
182	155	0
183	161	0
184	166	0
185	171	0
186	175	0
187	179	0
188	181	0
189	181	0
190	182	0
191	181	0
192	179	0
193	176	0
194	172	0
195	168	0
196	162	0
197	157	0
198	150	0
199	142	0
200	134	0
201	127	0
202	119	0
203	112	0
204	103	0
205	96	0
206	88	0
207	81	0
208	74	0
209	69	0
210	65	0
211	61	0
212	57	0
213	55	0
214	53	0
215	53	0
216	54	0
217	56	0
218	59	0
219	63	0
220	67	0
221	73	0
222	79	0
223	86	0
224	93	0
225	101	0
226	108	0
227	117	0
228	125	0
229	133	0
230	140	0
231	147	0
232	155	0
233	161	0
234	166	0
235	171	0
236	175	0
237	178	0
238	181	0
239	182	0
240	182	0
241	181	0
242	179	0
243	177	0
244	173	0
245	168	0
246	162	0
247	157	0
248	150	0
249	142	0
250	134	0
251	128	0
252	119	0
253	111	0
254	102	0
255	96	0
256	88	0
257	81	0
258	75	0
259	69	0
260	64	0
261	60	0
262	57	0
263	54	0
264	53	0
265	54	0
266	54	0
267	57	0
268	59	0
269	63	0
270	67	0
271	73	0
272	79	0
273	86	0
274	93	0
275	101	0
276	109	0
277	117	0
278	125	0
279	133	0
280	141	0
281	147	0
282	155	0
283	160	0
284	166	0
285	171	0
286	175	0
287	179	0
288	180	0
289	182	0
290	182	0
291	181	0
292	179	0
293	176	0
294	173	0
295	168	0
296	163	0
297	157	0
298	149	0
299	142	0
300	135	0
301	126	0
302	119	0
303	111	0
304	103	0
305	94	0
306	87	0
307	81	0
308	75	0
309	69	0
310	65	0
311	61	0
312	57	0
313	55	0
314	53	0
315	53	0
316	54	0
317	56	0
318	59	0
319	63	0
320	67	0
321	73	0
322	79	0
323	86	0
324	93	0
325	101	0
326	109	0
327	116	0
328	124	0
329	133	0
330	141	0
331	147	0
332	155	0
333	161	0
334	166	0
335	171	0
336	175	0
337	179	0
338	181	0
339	181	0
340	182	0
341	181	0
342	179	0
343	177	0
344	173	0
345	168	0
346	162	0
347	157	0
348	149	0
349	142	0
350	135	0
351	127	0
352	119	0
353	111	0
354	103	0
355	95	0
356	88	0
357	81	0
358	75	0
359	69	0
360	65	0
361	61	0
362	57	0
363	55	0
364	54	0
365	54	0
366	54	0
367	57	0
368	59	0
369	63	0
370	67	0
371	73	0
372	79	0
373	86	0
374	93	0
375	101	0
376	109	0
377	117	0
378	124	0
379	133	0
380	141	0
381	147	0
382	154	0
383	161	0
384	166	0
385	171	0
386	175	0
387	179	0
388	181	0
389	181	0
390	182	0
391	181	0
392	179	0
393	176	0
394	172	0
395	169	0
396	162	0
397	157	0
398	149	0
399	142	0
400	135	0
401	126	0
402	119	0
403	111	0
404	103	0
405	96	0
406	88	0
407	81	0
408	75	0
409	69	0
410	65	0
411	61	0
412	57	0
413	55	0
414	53	0
415	53	0
416	54	0
417	56	0
418	59	0
419	63	0
420	67	0
421	73	0
422	79	0
423	86	0
424	93	0
425	101	0
426	109	0
427	117	0
428	124	0
429	133	0
430	140	0
431	147	0
432	155	0
433	161	0
434	166	0
435	171	0
436	175	0
437	179	0
438	181	0
439	181	0
440	182	0
441	181	0
442	179	0
443	177	0
444	173	0
445	168	0
446	163	0
447	157	0
448	149	0
449	142	0
450	135	0
451	127	0
452	119	0
453	111	0
454	103	0
455	95	0
456	87	0
457	81	0
458	75	0
459	69	0
460	65	0
461	61	0
462	57	0
463	55	0
464	53	0
465	54	0
466	55	0
467	56	0
468	59	0
469	63	0
470	67	0
471	73	0
472	79	0
473	86	0
474	93	0
475	101	0
476	109	0
477	117	0
478	125	0
479	133	0
480	140	0
481	147	0
482	154	0
483	160	0
484	166	0
485	171	0
486	175	0
487	179	0
488	181	0
489	182	0
490	182	0
491	181	0
492	179	0
493	176	0
494	173	0
495	168	0
496	163	0
497	157	0
498	149	0
499	142	0
500	135	0
501	128	0
502	119	0
503	110	0
504	103	0
505	94	0
506	88	0
507	81	0
508	75	0
509	69	0
510	65	0
511	61	0
512	57	0
513	54	0
514	53	0
515	53	0
516	54	0
517	55	0
518	59	0
519	63	0
520	67	0
521	73	0
522	79	0
523	85	0
524	93	0
525	101	0
526	109	0
527	117	0
528	125	0
529	133	0
530	141	0
531	147	0
532	155	0
533	161	0
534	167	0
535	171	0
536	175	0
537	179	0
538	181	0
539	181	0
540	182	0
541	181	0
542	179	0
543	176	0
544	172	0
545	168	0
546	163	0
547	157	0
548	149	0
549	142	0
550	135	0
551	126	0
552	119	0
553	112	0
554	103	0
555	95	0
556	88	0
557	81	0
558	75	0
559	69	0
560	64	0
561	60	0
562	57	0
563	55	0
564	53	0
565	53	0
566	54	0
567	55	0
568	59	0
569	63	0
570	67	0
571	73	0
572	79	0
573	86	0
574	93	0
575	101	0
576	109	0
577	117	0
578	124	0
579	133	0
580	141	0
581	147	0
582	155	0
583	161	0
584	167	0
585	171	0
586	175	0
587	178	0
588	181	0
589	181	0
590	182	0
591	181	0
592	179	0
593	177	0
594	172	0
595	169	0
596	162	0
597	157	0
598	149	0
599	142	0
600	135	0
601	127	0
602	119	0
603	111	0
604	103	0
605	95	0
606	87	0
607	81	0
608	75	0
609	69	0
610	64	0
611	60	0
612	57	0
613	55	0
614	53	0
615	53	0
616	55	0
617	57	0
618	59	0
619	63	0
620	67	0
621	73	0
622	79	0
623	86	0
624	93	0
625	101	0
626	109	0
627	117	0
628	124	0
629	133	0
630	141	0
631	147	0
632	155	0
633	160	0
634	166	0
635	171	0
636	175	0
637	179	0
638	181	0
639	182	0
640	182	0
641	181	0
642	179	0
643	177	0
644	172	0
645	168	0
646	162	0
647	157	0
648	149	0
649	142	0
650	134	0
651	126	0
652	119	0
653	111	0
654	103	0
655	94	0
656	87	0
657	81	0
658	75	0
659	69	0
660	64	0
661	60	0
662	57	0
663	54	0
664	54	0
665	53	0
666	54	0
667	57	0
668	59	0
669	63	0
670	67	0
671	73	0
672	79	0
673	86	0
674	93	0
675	101	0
676	109	0
677	117	0
678	125	0
679	133	0
680	141	0
681	147	0
682	154	0
683	160	0
684	166	0
685	171	0
686	175	0
687	178	0
688	181	0
689	182	0
690	182	0
691	181	0
692	179	0
693	177	0
694	172	0
695	168	0
696	162	0
697	157	0
698	150	0
699	142	0
700	135	0
701	126	0
702	118	0
703	111	0
704	102	0
705	95	0
706	88	0
707	81	0
708	75	0
709	69	0
710	64	0
711	59	0
712	57	0
713	55	0
714	53	0
715	53	0
716	55	0
717	57	0
718	59	0
719	63	0
720	67	0
721	73	0
722	79	0
723	86	0
724	93	0
725	101	0
726	109	0
727	117	0
728	125	0
729	133	0
730	141	0
731	147	0
732	155	0
733	161	0
734	166	0
735	171	0
736	175	0
737	179	0
738	181	0
739	182	0
740	182	0
741	181	0
742	179	0
743	177	0
744	173	0
745	168	0
746	162	0
747	157	0
748	150	0
749	142	0
750	135	0
751	126	0
752	118	0
753	111	0
754	102	0
755	95	0
756	87	0
757	81	0
758	75	0
759	69	0
760	64	0
761	60	0
762	57	0
763	55	0
764	53	0
765	53	0
766	55	0
767	57	0
768	59	0
769	63	0
770	67	0
771	73	0
772	79	0
773	86	0
774	93	0
775	101	0
776	109	0
777	117	0
778	125	0
779	133	0
780	141	0
781	147	0
782	155	0
783	161	0
784	166	0
785	171	0
786	175	0
787	179	0
788	181	0
789	182	0
790	182	0
791	181	0
792	179	0
793	176	0
794	172	0
795	168	0
796	162	0
797	156	0
798	149	0
799	142	0
800	135	0
801	126	0
802	118	0
803	111	0
804	102	0
805	95	0
806	87	0
807	81	0
808	75	0
809	69	0
810	65	0
811	61	0
812	57	0
813	55	0
814	53	0
815	53	0
816	55	0
817	56	0
818	59	0
819	63	0
820	68	0
821	73	0
822	79	0
823	86	0
824	93	0
825	101	0
826	109	0
827	117	0
828	125	0
829	133	0
830	141	0
831	147	0
832	155	0
833	161	0
834	167	0
835	171	0
836	175	0
837	179	0
838	181	0
839	181	0
840	182	0
841	181	0
842	179	0
843	177	0
844	173	0
845	169	0
846	162	0
847	156	0
848	149	0
849	142	0
850	134	0
851	126	0
852	118	0
853	111	0
854	102	0
855	96	0
856	87	0
857	81	0
858	75	0
859	69	0
860	64	0
861	60	0
862	57	0
863	55	0
864	54	0
865	54	0
866	54	0
867	57	0
868	59	0
869	63	0
870	68	0
871	73	0
872	79	0
873	86	0
874	93	0
875	101	0
876	109	0
877	117	0
878	125	0
879	133	0
880	141	0
881	147	0
882	155	0
883	161	0
884	166	0
885	171	0
886	175	0
887	179	0
888	181	0
889	181	0
890	182	0
891	181	0
892	179	0
893	176	0
894	173	0
895	167	0
896	163	0
897	157	0
898	150	0
899	142	0
900	135	0
901	126	0
902	119	0
903	111	0
904	103	0
905	94	0
906	87	0
907	81	0
908	75	0
909	69	0
910	65	0
911	60	0
912	57	0
913	55	0
914	54	0
915	53	0
916	55	0
917	56	0
918	59	0
919	63	0
920	67	0
921	73	0
922	79	0
923	86	0
924	93	0
925	101	0
926	109	0
927	117	0
928	125	0
929	133	0
930	140	0
931	147	0
932	155	0
933	161	0
934	167	0
935	171	0
936	175	0
937	178	0
938	181	0
939	182	0
940	182	0
941	181	0
942	179	0
943	176	0
944	172	0
945	167	0
946	162	0
947	156	0
948	149	0
949	143	0
950	135	0
951	126	0
952	118	0
953	110	0
954	102	0
955	95	0
956	87	0
957	81	0
958	75	0
959	69	0
960	65	0
961	60	0
962	57	0
963	54	0
964	54	0
965	54	0
966	55	0
967	57	0
968	59	0
969	63	0
970	68	0
971	73	0
972	79	0
973	86	0
974	93	0
975	101	0
976	109	0
977	117	0
978	125	0
979	133	0
980	141	0
981	148	0
982	155	0
983	161	0
984	166	0
985	171	0
986	175	0
987	178	0
988	181	0
989	181	0
990	182	0
991	181	0
992	179	0
993	176	0
994	172	0
995	168	0
996	161	0
997	157	0
998	149	0
999	142	0
