Oscilloscope data. 
Time step = 1,000 uS
Voltage step = 312,5 mV
Zero level = 55

N 	Smpl.	Trig

0	103	0
1	181	0
2	77	0
3	93	0
4	182	0
5	85	0
6	83	0
7	182	0
8	93	0
9	77	0
10	181	0
11	103	0
12	69	0
13	177	0
14	113	0
15	63	0
16	172	0
17	123	0
18	58	0
19	166	0
20	133	0
21	55	0
22	159	0
23	142	0
24	53	0
25	151	0
26	152	0
27	53	0
28	142	0
29	159	0
30	55	0
31	133	0
32	167	0
33	59	0
34	122	0
35	173	0
36	63	0
37	113	0
38	177	0
39	69	0
40	102	0
41	181	0
42	77	0
43	93	0
44	182	0
45	85	0
46	83	0
47	181	0
48	93	0
49	76	0
50	181	0
51	103	0
52	69	0
53	177	0
54	113	0
55	63	0
56	172	0
57	123	0
58	59	0
59	167	0
60	133	0
61	55	0
62	159	0
63	143	0
64	53	0
65	151	0
66	152	0
67	53	0
68	142	0
69	159	0
70	55	0
71	133	0
72	167	0
73	59	0
74	122	0
75	173	0
76	63	0
77	113	0
78	177	0
79	69	0
80	103	0
81	181	0
82	77	0
83	93	0
84	182	0
85	85	0
86	83	0
87	182	0
88	93	0
89	76	0
90	180	0
91	103	0
92	69	0
93	177	0
94	113	0
95	63	0
96	173	0
97	123	0
98	58	0
99	166	0
100	133	0
101	55	0
102	159	0
103	143	0
104	53	0
105	151	0
106	152	0
107	54	0
108	142	0
109	160	0
110	55	0
111	133	0
112	167	0
113	59	0
114	123	0
115	173	0
116	63	0
117	113	0
118	177	0
119	69	0
120	103	0
121	180	0
122	76	0
123	93	0
124	182	0
125	85	0
126	83	0
127	182	0
128	93	0
129	77	0
130	180	0
131	103	0
132	69	0
133	177	0
134	113	0
135	63	0
136	173	0
137	123	0
138	58	0
139	167	0
140	133	0
141	55	0
142	159	0
143	143	0
144	53	0
145	151	0
146	151	0
147	53	0
148	142	0
149	160	0
150	55	0
151	133	0
152	167	0
153	59	0
154	123	0
155	173	0
156	63	0
157	113	0
158	177	0
159	69	0
160	103	0
161	181	0
162	77	0
163	93	0
164	182	0
165	85	0
166	83	0
167	182	0
168	93	0
169	76	0
170	181	0
171	103	0
172	69	0
173	177	0
174	113	0
175	63	0
176	173	0
177	123	0
178	58	0
179	166	0
180	133	0
181	55	0
182	159	0
183	143	0
184	53	0
185	151	0
186	152	0
187	54	0
188	142	0
189	160	0
190	56	0
191	133	0
192	167	0
193	59	0
194	122	0
195	173	0
196	63	0
197	113	0
198	177	0
199	69	0
200	102	0
201	181	0
202	77	0
203	93	0
204	182	0
205	85	0
206	83	0
207	181	0
208	93	0
209	77	0
210	181	0
211	103	0
212	69	0
213	177	0
214	113	0
215	63	0
216	173	0
217	123	0
218	58	0
219	166	0
220	133	0
221	55	0
222	160	0
223	143	0
224	53	0
225	151	0
226	152	0
227	53	0
228	142	0
229	160	0
230	55	0
231	133	0
232	167	0
233	59	0
234	122	0
235	173	0
236	63	0
237	113	0
238	177	0
239	69	0
240	103	0
241	181	0
242	77	0
243	93	0
244	182	0
245	85	0
246	83	0
247	181	0
248	93	0
249	77	0
250	181	0
251	103	0
252	69	0
253	177	0
254	113	0
255	63	0
256	172	0
257	123	0
258	58	0
259	167	0
260	133	0
261	55	0
262	159	0
263	143	0
264	53	0
265	151	0
266	152	0
267	54	0
268	141	0
269	160	0
270	55	0
271	132	0
272	167	0
273	58	0
274	122	0
275	173	0
276	63	0
277	113	0
278	177	0
279	69	0
280	102	0
281	181	0
282	77	0
283	93	0
284	182	0
285	85	0
286	83	0
287	182	0
288	93	0
289	76	0
290	181	0
291	103	0
292	70	0
293	177	0
294	113	0
295	63	0
296	172	0
297	123	0
298	57	0
299	166	0
300	133	0
301	55	0
302	159	0
303	143	0
304	53	0
305	151	0
306	152	0
307	53	0
308	142	0
309	160	0
310	55	0
311	133	0
312	167	0
313	59	0
314	123	0
315	173	0
316	63	0
317	113	0
318	177	0
319	69	0
320	102	0
321	181	0
322	77	0
323	93	0
324	181	0
325	85	0
326	84	0
327	182	0
328	93	0
329	76	0
330	181	0
331	103	0
332	69	0
333	177	0
334	113	0
335	63	0
336	172	0
337	123	0
338	58	0
339	166	0
340	133	0
341	54	0
342	159	0
343	143	0
344	54	0
345	150	0
346	151	0
347	53	0
348	142	0
349	160	0
350	55	0
351	133	0
352	167	0
353	59	0
354	122	0
355	173	0
356	63	0
357	113	0
358	177	0
359	69	0
360	103	0
361	181	0
362	77	0
363	93	0
364	182	0
365	85	0
366	83	0
367	182	0
368	93	0
369	76	0
370	180	0
371	103	0
372	69	0
373	177	0
374	113	0
375	63	0
376	172	0
377	123	0
378	58	0
379	166	0
380	133	0
381	54	0
382	159	0
383	143	0
384	53	0
385	151	0
386	152	0
387	53	0
388	142	0
389	159	0
390	55	0
391	133	0
392	167	0
393	59	0
394	123	0
395	173	0
396	63	0
397	113	0
398	177	0
399	69	0
400	103	0
401	181	0
402	76	0
403	93	0
404	182	0
405	85	0
406	83	0
407	182	0
408	94	0
409	77	0
410	181	0
411	103	0
412	69	0
413	177	0
414	113	0
415	63	0
416	173	0
417	123	0
418	58	0
419	166	0
420	133	0
421	55	0
422	159	0
423	143	0
424	53	0
425	151	0
426	153	0
427	54	0
428	142	0
429	159	0
430	55	0
431	133	0
432	167	0
433	59	0
434	123	0
435	173	0
436	63	0
437	113	0
438	177	0
439	69	0
440	103	0
441	181	0
442	76	0
443	93	0
444	182	0
445	85	0
446	83	0
447	182	0
448	93	0
449	76	0
450	180	0
451	103	0
452	69	0
453	177	0
454	113	0
455	63	0
456	173	0
457	123	0
458	58	0
459	166	0
460	133	0
461	55	0
462	159	0
463	142	0
464	53	0
465	151	0
466	151	0
467	54	0
468	142	0
469	159	0
470	55	0
471	133	0
472	167	0
473	59	0
474	123	0
475	173	0
476	63	0
477	113	0
478	177	0
479	69	0
480	102	0
481	180	0
482	77	0
483	93	0
484	182	0
485	85	0
486	83	0
487	182	0
488	93	0
489	77	0
490	180	0
491	103	0
492	70	0
493	177	0
494	113	0
495	63	0
496	173	0
497	123	0
498	59	0
499	167	0
500	133	0
501	55	0
502	159	0
503	143	0
504	53	0
505	151	0
506	153	0
507	53	0
508	141	0
509	159	0
510	55	0
511	133	0
512	167	0
513	59	0
514	122	0
515	173	0
516	63	0
517	113	0
518	177	0
519	69	0
520	103	0
521	181	0
522	77	0
523	93	0
524	182	0
525	85	0
526	83	0
527	182	0
528	93	0
529	76	0
530	180	0
531	103	0
532	69	0
533	177	0
534	113	0
535	63	0
536	173	0
537	123	0
538	58	0
539	167	0
540	133	0
541	54	0
542	159	0
543	143	0
544	53	0
545	151	0
546	152	0
547	54	0
548	142	0
549	160	0
550	55	0
551	133	0
552	167	0
553	58	0
554	123	0
555	173	0
556	63	0
557	113	0
558	177	0
559	69	0
560	103	0
561	181	0
562	77	0
563	93	0
564	182	0
565	85	0
566	83	0
567	182	0
568	93	0
569	76	0
570	181	0
571	103	0
572	69	0
573	177	0
574	113	0
575	63	0
576	172	0
577	123	0
578	57	0
579	166	0
580	134	0
581	55	0
582	159	0
583	142	0
584	53	0
585	151	0
586	152	0
587	53	0
588	142	0
589	159	0
590	55	0
591	133	0
592	168	0
593	59	0
594	122	0
595	173	0
596	63	0
597	113	0
598	177	0
599	69	0
600	103	0
601	181	0
602	77	0
603	93	0
604	181	0
605	85	0
606	83	0
607	182	0
608	93	0
609	77	0
610	180	0
611	104	0
612	69	0
613	177	0
614	113	0
615	63	0
616	171	0
617	123	0
618	58	0
619	166	0
620	133	0
621	55	0
622	159	0
623	143	0
624	54	0
625	151	0
626	152	0
627	53	0
628	142	0
629	160	0
630	55	0
631	132	0
632	167	0
633	59	0
634	122	0
635	173	0
636	63	0
637	113	0
638	177	0
639	69	0
640	103	0
641	181	0
642	77	0
643	93	0
644	182	0
645	85	0
646	83	0
647	182	0
648	93	0
649	76	0
650	180	0
651	103	0
652	69	0
653	177	0
654	113	0
655	63	0
656	173	0
657	123	0
658	58	0
659	166	0
660	133	0
661	55	0
662	159	0
663	143	0
664	54	0
665	151	0
666	151	0
667	53	0
668	142	0
669	159	0
670	55	0
671	133	0
672	167	0
673	58	0
674	123	0
675	173	0
676	63	0
677	113	0
678	177	0
679	69	0
680	102	0
681	181	0
682	76	0
683	93	0
684	182	0
685	85	0
686	83	0
687	182	0
688	93	0
689	77	0
690	181	0
691	103	0
692	69	0
693	177	0
694	113	0
695	63	0
696	172	0
697	123	0
698	59	0
699	166	0
700	133	0
701	55	0
702	160	0
703	143	0
704	53	0
705	151	0
706	151	0
707	53	0
708	142	0
709	160	0
710	55	0
711	133	0
712	167	0
713	59	0
714	122	0
715	173	0
716	63	0
717	113	0
718	177	0
719	69	0
720	103	0
721	181	0
722	77	0
723	93	0
724	182	0
725	85	0
726	83	0
727	182	0
728	93	0
729	76	0
730	181	0
731	103	0
732	69	0
733	177	0
734	113	0
735	63	0
736	173	0
737	123	0
738	58	0
739	166	0
740	133	0
741	54	0
742	160	0
743	142	0
744	53	0
745	151	0
746	152	0
747	53	0
748	142	0
749	159	0
750	55	0
751	133	0
752	167	0
753	59	0
754	123	0
755	173	0
756	63	0
757	113	0
758	177	0
759	69	0
760	102	0
761	181	0
762	77	0
763	93	0
764	182	0
765	85	0
766	84	0
767	182	0
768	93	0
769	76	0
770	181	0
771	103	0
772	69	0
773	176	0
774	113	0
775	63	0
776	173	0
777	123	0
778	57	0
779	166	0
780	133	0
781	55	0
782	159	0
783	143	0
784	53	0
785	151	0
786	151	0
787	53	0
788	142	0
789	160	0
790	55	0
791	132	0
792	167	0
793	59	0
794	123	0
795	173	0
796	63	0
797	113	0
798	177	0
799	69	0
800	102	0
801	181	0
802	77	0
803	92	0
804	182	0
805	85	0
806	83	0
807	182	0
808	93	0
809	76	0
810	181	0
811	103	0
812	69	0
813	177	0
814	113	0
815	63	0
816	173	0
817	123	0
818	58	0
819	167	0
820	134	0
821	55	0
822	159	0
823	142	0
824	53	0
825	150	0
826	152	0
827	53	0
828	142	0
829	160	0
830	55	0
831	133	0
832	167	0
833	59	0
834	123	0
835	173	0
836	63	0
837	112	0
838	177	0
839	69	0
840	103	0
841	181	0
842	77	0
843	93	0
844	182	0
845	85	0
846	84	0
847	182	0
848	93	0
849	76	0
850	180	0
851	103	0
852	69	0
853	177	0
854	113	0
855	63	0
856	172	0
857	123	0
858	58	0
859	166	0
860	133	0
861	55	0
862	159	0
863	142	0
864	54	0
865	151	0
866	153	0
867	54	0
868	142	0
869	159	0
870	55	0
871	133	0
872	167	0
873	59	0
874	123	0
875	173	0
876	63	0
877	113	0
878	177	0
879	70	0
880	102	0
881	181	0
882	77	0
883	93	0
884	182	0
885	85	0
886	84	0
887	182	0
888	93	0
889	77	0
890	180	0
891	103	0
892	69	0
893	177	0
894	113	0
895	63	0
896	173	0
897	123	0
898	58	0
899	166	0
900	133	0
901	55	0
902	159	0
903	143	0
904	53	0
905	151	0
906	152	0
907	53	0
908	142	0
909	160	0
910	55	0
911	133	0
912	167	0
913	59	0
914	123	0
915	173	0
916	63	0
917	113	0
918	177	0
919	69	0
920	103	0
921	181	0
922	77	0
923	93	0
924	182	0
925	85	0
926	83	0
927	182	0
928	93	0
929	76	0
930	181	0
931	103	0
932	69	0
933	177	0
934	113	0
935	63	0
936	173	0
937	123	0
938	58	0
939	167	0
940	133	0
941	55	0
942	159	0
943	142	0
944	53	0
945	151	0
946	151	0
947	53	0
948	142	0
949	159	0
950	55	0
951	133	0
952	167	0
953	59	0
954	122	0
955	173	0
956	63	0
957	113	0
958	177	0
959	69	0
960	102	0
961	181	0
962	77	0
963	93	0
964	182	0
965	85	0
966	83	0
967	182	0
968	93	0
969	77	0
970	180	0
971	103	0
972	69	0
973	177	0
974	113	0
975	63	0
976	173	0
977	123	0
978	58	0
979	166	0
980	133	0
981	55	0
982	159	0
983	142	0
984	54	0
985	150	0
986	152	0
987	54	0
988	142	0
989	160	0
990	55	0
991	133	0
992	167	0
993	59	0
994	123	0
995	173	0
996	63	0
997	113	0
998	177	0
999	69	0
